.Random.seed <-
c(10403L, 10L, 1833608361L, -1270638757L, 1724427626L, 1496129548L, 
641456207L, -630730491L, -17176132L, -1845756782L, 1904379789L, 
-2071887929L, -1993792338L, -617446136L, -314068213L, -754999831L, 
-1143543112L, -100029082L, -1356110335L, -987098989L, 718400322L, 
-1357536012L, -314797833L, 1904101613L, -20649084L, -643422806L, 
-1886209259L, 1153214895L, 1385851318L, 1347375072L, 1104224035L, 
1974210625L, -2053878992L, -1456848562L, 100152249L, -1217190453L, 
641095290L, -862889092L, 38204351L, 388603029L, 681763500L, 1209958530L, 
-405974947L, -1192417449L, -1000416706L, 345599608L, 1732463963L, 
1505688761L, 1805145352L, -428255306L, 2061188337L, 1716771619L, 
-629236366L, -847546428L, 661427079L, 381600093L, -320913580L, 
-935606918L, 2085486789L, -1892122081L, -1556691546L, -1943148752L, 
-1255477805L, -791323663L, -1217356512L, 688159678L, 2018276297L, 
-1209547909L, 1809572170L, -1151472212L, 2065750191L, 1737351781L, 
2115050012L, 1130910834L, 734235373L, -447703257L, 2055099214L, 
1072040L, -2063786069L, 780070089L, 1926249688L, 2021261702L, 
1437177953L, -953214477L, 388434018L, -1333805356L, 451061719L, 
1610757581L, -2043489948L, 530552138L, 1840583861L, -1878477809L, 
-1231287018L, 768735168L, 1662428035L, 2132562337L, -794051184L, 
1309511278L, -1654491111L, -1173445461L, -1001097062L, 2036656220L, 
-226466465L, 1068953397L, -1338891572L, 924377122L, 158968445L, 
614776695L, -558714722L, 716975960L, 296090299L, 879723609L, 
-2052890648L, 436865558L, -793260655L, 1385895491L, -437770926L, 
-1662498332L, -2052446169L, 258618493L, -697173644L, 895104346L, 
-1535556699L, -9882689L, 1176207430L, 731139792L, 1930279155L, 
-46363119L, -1148020672L, 411438110L, -1619318039L, -486223845L, 
-31139798L, -1735374004L, 934324495L, 539302981L, -125411844L, 
1918930002L, -327660083L, 682315655L, 727902830L, 1912244808L, 
873126987L, 483851689L, -1210486536L, 773518374L, -371165887L, 
688423635L, 115083906L, -2060472140L, -175185865L, 510554925L, 
-1366464444L, 904648042L, 124191189L, 1495660399L, -382095754L, 
-1119067744L, -2108397981L, -1611694335L, 1688260208L, 990652942L, 
1999233657L, -346739189L, -689324230L, -1149499844L, -1929106049L, 
1559756501L, -684962068L, -746651582L, 1337337757L, -1689307625L, 
-1100117122L, 745081144L, 1955030555L, -1487329415L, -152968760L, 
-2018001418L, 209838129L, 945080931L, -799173070L, -1236016252L, 
713261511L, 551741597L, -2095570924L, -552962374L, 1153591045L, 
-423148321L, -1661082266L, 1450791152L, 1537233939L, 161700273L, 
1804416096L, 939672062L, -733215351L, -1567276357L, -2050134390L, 
1537493356L, -1435078929L, 537721125L, 665696220L, 372020658L, 
-470580051L, -1415355289L, -1091347570L, 2133965928L, -1246644117L, 
1217602057L, 802811032L, 1211834310L, 1801040673L, 1793482675L, 
-2125809886L, 2071316756L, -1645344361L, -638215795L, 1174257828L, 
-252020086L, -1487703819L, -1636509873L, 1075105878L, -1634321664L, 
-1447768509L, 179303905L, -78651056L, -466307154L, 623119705L, 
587422571L, 1763760858L, -1941677860L, -1881597358L, -1623885696L, 
653681492L, -143979032L, -1961947398L, 61541200L, -716698580L, 
-1333438092L, -1080502638L, 1515945568L, -682404212L, 1104615264L, 
-361389342L, 674058408L, -588112692L, 119484924L, -376551502L, 
-587322896L, -1698294332L, 2139124568L, 1785352058L, 483386800L, 
-1472496196L, 1175759956L, 752971714L, -1760905440L, 1102889916L, 
-765608368L, 133724642L, 1543775592L, -183184052L, -1018028804L, 
-2120482062L, -1232622848L, -1284813196L, -1743619064L, 139856314L, 
-1186559024L, 239441388L, 850485140L, -1632989486L, 1775626848L, 
1875678540L, -1568394976L, 1976649346L, -1900493336L, -260187156L, 
-1966245316L, 1343202930L, 885545840L, -1961846492L, -1341421000L, 
853264794L, 989244880L, -426152516L, -1495300972L, -1831841662L, 
1652676032L, -512014532L, 2024315024L, -737088734L, 1667523080L, 
1454858508L, -1807898212L, -792061422L, -442496L, -1678028012L, 
-104433368L, 575668282L, -1097485360L, 1759626860L, -1720143308L, 
-2115873134L, -1681478304L, 1748148556L, 2018628576L, 367075746L, 
-2113379928L, 1047903884L, -1426565700L, -114580878L, -1392571408L, 
-1644709308L, -1587748776L, 778146874L, 1774410864L, 1947911228L, 
-991519468L, -998358334L, 1259189984L, 848919676L, -34446640L, 
884720034L, 1847751720L, 556955404L, 1261200828L, -974387406L, 
1396182720L, 304719924L, 1912671944L, 1903765690L, 405701264L, 
359892716L, -76098988L, 130174610L, 1109873952L, 990445004L, 
-406884640L, 1971977410L, 786603048L, 683885484L, 605488828L, 
145885170L, 647672368L, -746865756L, 1940170168L, 959571802L, 
1259427984L, 338388860L, 1717650708L, -1015217854L, -892101376L, 
1243677116L, -392159920L, -386234078L, 666792520L, 152517644L, 
1723200092L, -1717742126L, 430456320L, -943074988L, -283933464L, 
176445690L, 2045661904L, 1565269804L, 1759345908L, 1037792658L, 
-1517500064L, 1561135116L, -82401056L, 1574520418L, 1329361064L, 
63428684L, 288307068L, 1314782514L, -922587536L, -2083256508L, 
2069834712L, 33025914L, 13386800L, 712605628L, -1147528620L, 
334065730L, 1071879840L, -641430852L, 1005348816L, -2013107870L, 
-1261925656L, 408851660L, -1785345540L, -1114942990L, 323227776L, 
-917778956L, 63163016L, 862562106L, 1214962000L, -125429652L, 
-497146476L, -392844206L, 491598304L, 146669772L, -668497248L, 
-943804030L, 1559295208L, -1723802900L, -688213700L, 809684082L, 
1465359984L, -1837582812L, -869826504L, 327816474L, 1734963408L, 
-736154308L, -1936928876L, -630409342L, 1100992448L, 1540755004L, 
-22830704L, 625730594L, -1223245560L, 1328735372L, 42595100L, 
-1196896110L, 1764147584L, 351771668L, 772790056L, 2048917050L, 
-1591918128L, 1590714732L, 86405044L, -1777240558L, 587617248L, 
1695471052L, 175236320L, 1739139106L, -1191702744L, 200861196L, 
-1019655364L, 235994098L, 1549521648L, 1459290692L, 1109223000L, 
-1730121926L, -299783184L, -1344332100L, 90586388L, -1916100414L, 
-365394848L, -410873476L, 1544335312L, 522914082L, 1531977384L, 
-1847438452L, -689908548L, 859957042L, -713936320L, -1805783052L, 
1155340677L, -1820445489L, -930755128L, -82893722L, 2044248723L, 
2074716661L, 1396909010L, -1801848800L, 652349961L, 1166568251L, 
1193500300L, 775549722L, 1528575375L, 1152256729L, 1858241902L, 
411904252L, 2093347437L, -1592611305L, 1660431328L, 326023102L, 
-746871413L, 1155528205L, 414100026L, 2125488760L, -1116435935L, 
-1350081325L, -906140684L, -1884502910L, -425800425L, 377347041L, 
2017111334L, -525898716L, 1804265173L, -132873601L, 605115160L, 
-901199306L, -713184061L, -727793403L, -342320990L, 1038872208L, 
1342360121L, 631984875L, -1616383012L, -274721270L, -1346139905L, 
-571413175L, 1779228382L, -429112180L, -1560726435L, 1911614055L, 
308466576L, -342427730L, -238594469L, 1834641981L, 1021443242L, 
-225161912L, 1746153841L, 1078892259L, 301432292L, 1015345426L, 
259411175L, 51067569L, -1227120394L, -1804686572L, 1977828389L, 
-1328570065L, 294196968L, -188030010L, -893610381L, -827672363L, 
-1862704462L, -2019743104L, 1740278377L, -1362207013L, -780355028L, 
593367610L, -155591441L, -774279303L, -309890034L, -674207268L, 
1619667533L, -189171273L, 847320896L, -922653154L, -704423701L, 
258197613L, -2027200294L, -1928134504L, 1296938753L, 1276705971L, 
-525043756L, -1363029278L, -583281801L, 26001089L, -1575643578L, 
1001523588L, 980891445L, 1907991839L, -397480840L, 1990515030L, 
-735103005L, 1315725733L, -1875536830L, -253785552L, -692706727L, 
2098893771L, -327322564L, -1998398870L, -2009081697L, 4755753L, 
-1138915906L, 193205420L, -210046467L, 2029746503L, 1567158832L, 
1442730830L, -329181317L, 1441145053L, -1732777718L, 737086504L, 
126943377L, -185043837L, -22997628L, -1559014478L, 965451015L, 
1014638417L, -1715673386L, 1224105908L, 1769664453L, 1533570831L, 
1475136904L, -1203640154L, -1690150829L, 83984821L, -1989556462L, 
1816956128L, -420380343L, -748291205L, -2040084916L, -1901111334L, 
